Aki  (3385,2345)    (3364,2451)  (3434,2451)  (3294,2451)  (3294,2521)  (3364,2521)  (3434,2521)  (3294,2591)  (3364,2591)  (3434,2591)  (3504,2451)  (3504,2521)  (3504,2591)  (3224,2451)  (3224,2521)  (3224,2591) | overflowToLeft=true
Ariake Bay  (1620,5060)  (1550,4990)  (1620,4990)  (1690,4990)  (1760,4990)  (1550,5060)  (1690,5060)  (1760,5060)  (1550,5130)  (1620,5130)  (1690,5130)  (1760,5130)  (1550,5200)  (1620,5200)  (1690,5200)  (1760,5200) 
Awa  (3947,4252)  (3929,4362)  (3999,4362)   (3859,4362)   (3859,4432)   (3929,4432)   (3999,4432)   (3859,4502)   (3929,4502)   (3999,4502)   (4069,4362)   (4069,4432)  (4069,4502)   (3789,4362)   (3789,4432)  (3789,4502)  (3791,4504) | overflowToLeft=true
Awa Kannou  (8886,4926)    (8891,5030)  (8961,5030)  (8821,5030)  (8821,5100)  (8891,5100)  (8961,5100)  (8821,5170)  (8891,5170)  (8961,5170)  (9031,5030)  (9031,5100)  (9031,5170)  (8751,5030)  (8751,5100)  (8751,5170) | overflowToLeft=true
Awaji  (4471,3863)    (4432,4066)  (4362,3996)  (4362,4066)  (4362,4136)  (4432,3996)  (4432,4136)  (4502,3996)  (4502,4066)  (4502,4136)  (4572,3996)  (4572,4066)  (4572,4136) 
Awashimura Bay  (8890,1220)  (8820,1150)  (8890,1150)  (8960,1150)  (9030,1150)  (8820,1220)  (8960,1220)  (9030,1220)  (8820,1290)  (8890,1290)  (8960,1290)  (9030,1290)  (8820,1360)  (8890,1360)  (8960,1360)  (9030,1360) 
Bingo  (3713,2321)    (3710,2427)  (3780,2427)  (3640,2427)  (3640,2497)  (3710,2497)  (3780,2497)  (3640,2567)  (3710,2567)  (3780,2567)  (3640,2637)  (3710,2637)  (3780,2637)  (3640,2707)  (3710,2707)  (3780,2707)  (3640,2777)  (3710,2777)  (3780,2777) 
Bitchu  (4041,2602)    (4038,2713)  (4108,2713)  (3968,2713)  (3968,2783)  (4038,2783)  (4108,2783)  (3968,2853)  (4038,2853)  (4108,2853)  (4178,2713)  (4178,2783)  (4178,2853)  (3898,2713)  (3898,2783)  (3898,2853) | overflowToLeft=true
Bizen  (4435,2925)    (4435,3031)  (4505,3031)  (4365,3031)  (4365,3101)  (4435,3101)  (4505,3101)  (4365,3171)  (4435,3171)  (4505,3171)  (4575,3031)  (4575,3101)  (4575,3171)  (4295,3031)  (4295,3101)  (4295,3171) | overflowToLeft=true
Bungo  (2487,3089)    (2495,3193)  (2565,3193)  (2425,3193)  (2425,3263)  (2495,3263)  (2565,3263)  (2425,3333)  (2495,3333)  (2565,3333)  (2635,3193)  (2635,3263)  (2635,3333)  (2355,3193)  (2355,3263)  (2355,3333)  (2355,3403)  (2425,3403)  (2495,3403)  (2565,3403)  (2635,3403) 
Bungo Strait  (2420,4062)  (2350,3992)  (2350,4062)  (2350,4132)  (2420,3992)  (2420,4132)  (2490,3992)  (2490,4062)  (2490,4132)  (2560,3992)  (2560,4062)  (2560,4132)  (2630,3992)  (2630,4062)  (2630,4132) 
Busan  (1078,543)    (1042,646)  (1112,646)  (972,646)  (972,716)  (1042,716)  (1112,716)  (972,786)  (1042,786)  (1112,786) 
Buzen  (2130,2310)    (2120,2416)  (2190,2416)  (2050,2416)  (2050,2486)  (2120,2486)  (2190,2486)  (2050,2556)  (2120,2556)  (2190,2556)  (2260,2556)  (1980,2416)  (1980,2486)  (2050,2626)  (2120,2626)  (2190,2626)  (2260,2626) 
Buzen-Bungo pass  (2288,2683)  (2349,2724)  (2419,2724)  (2349,2654)  (2419,2654)  (2349,2794)  (2419,2794) 
Central Mutsu  (9855,2001)     (9851,2105)  (9921,2105)  (9781,2105)  (9781,2175)  (9851,2175)  (9921,2175)  (9781,2245)  (9851,2245)  (9921,2245)  (9991,2105)  (9991,2175)  (9991,2245)  (9781,2315)  (9851,2315)  (9921,2315)  (9991,2315)  (9781,2385)  (9851,2385) 
Cheju Strait  (615,1211)  (545,1141)  (545,1211)  (545,1281)  (615,1141)  (615,1281)  (685,1141)  (685,1211)  (685,1281)  (755,1141)  (755,1211)  (755,1281)  (825,1141)  (825,1211)  (825,1281) 
Chiba Coast  (9296,5356)  (9226,5286)  (9226,5356)  (9226,5426)  (9296,5286)  (9296,5426)  (9366,5286)  (9366,5356)  (9366,5426)  (9436,5286)  (9436,5356)  (9436,5426)  (9506,5286)  (9506,5356)  (9506,5426) 
Chikugo  (1820,3056)     (1775,3165)  (1845,3165)  (1705,3165)  (1705,3235)  (1775,3235)  (1845,3235)  (1705,3305)  (1775,3305)  (1845,3305)  (1915,3165)  (1915,3235)  (1915,3305)  (1705,3375)  (1775,3375)  (1845,3375)  (1915,3375) 
Chikugo Bay  (940,3380)  (870,3310)  (940,3310)  (1010,3310)  (870,3380)  (1010,3380)  (870,3450)  (940,3450)  (1010,3450)  (940,3520)  (1010,3520)  (1010,3590)  
Chikuzen  (1747,2450)      (1731,2558)  (1801,2558)  (1661,2558)  (1661,2628)  (1731,2628)  (1801,2628)  (1731,2698)  (1801,2698)  (1871,2558)  (1871,2628)  (1871,2698)  (1731,2768)  (1801,2768)  (1871,2768)  (1731,2838)  (1801,2838)  (1871,2838) 
Chikuzen-Bungo pass  (2114,2991)  (2172,3039)  (2242,3039)  (2172,2969)  (2242,2969)  (2172,3109)  (2242,3109) 
Choshi Coast  (9730,4256)  (9660,4186)  (9730,4186)  (9800,4186)  (9870,4186)  (9660,4256)  (9800,4256)  (9870,4256)  (9660,4326)  (9730,4326)  (9800,4326)  (9870,4326)  (9660,4396)  (9730,4396)  (9800,4396)  (9870,4396) 
East China Sea 1  (306,3294)  (236,3224)  (306,3224)  (376,3224)  (446,3224)  (236,3294)  (376,3294)  (446,3294)  (236,3364)  (306,3364)  (376,3364)  (446,3364)  (236,3434)  (306,3434)  (376,3434)  (446,3434) 
East China Sea 2  (315,5197)  (245,5127)  (315,5127)  (385,5127)  (455,5127)  (245,5197)  (385,5197)  (455,5197)  (245,5267)  (315,5267)  (385,5267)  (455,5267)  (245,5337)  (315,5337)  (385,5337)  (455,5337) 
East Echigo  (8742,1822)    (8718,1932)  (8788,1932)  (8648,1932)  (8648,2002)  (8718,2002)  (8788,2002)   (8858,1932)   (8858,2002)   (8578,1932)   (8578,2002)   (8578,2072)  (8648,2072)   (8718,2072)   (8578,2142)   (8648,2142)   (8578,2212)  (8580,2214) 
East Echigo-South Mutsu pass  (8766,2137)  (8831,2172)  (8901,2172)  (8831,2102)  (8901,2102)  (8831,2242)  (8901,2242) 
East Kii  (5175,5066)    (5173,5172)  (5243,5172)  (5103,5172)  (5103,5242)  (5173,5242)  (5243,5242)  (5103,5312)  (5173,5312)  (5243,5312)  (5313,5172)  (5313,5242)  (5313,5312)  (5033,5172)  (5033,5242)  (5033,5312) | overflowToLeft=true
East Kii-South Ise pass  (5412,4999)  (5473,5039)  (5543,5039)  (5473,4969)  (5543,4969)  (5473,5109)  (5543,5109) 
East Tosa  (3483,4151)    (3488,4259)  (3558,4259)  (3418,4259)  (3418,4329)  (3488,4329)  (3558,4329)  (3418,4399)  (3488,4399)  (3558,4399)  (3628,4259)  (3628,4329)  (3628,4399)  (3348,4259)  (3348,4329)  (3348,4399) | overflowToLeft=true
Echizen  (6383,2106)    (6376,2216)  (6446,2216)  (6306,2216)  (6306,2286)  (6376,2286)  (6446,2286)  (6306,2356)  (6376,2356)  (6446,2356)  (6516,2216)  (6516,2286)  (6516,2356)  (6236,2216)  (6236,2286)  (6236,2356) | overflowToLeft=true
Echizen-North Omi pass  (6597,2517)  (6579,2630)  (6579,2700)  (6509,2630)  (6509,2700)  (6649,2630)  (6649,2700) 
Etchu  (7558,2150)    (7557,2257)  (7627,2257)  (7487,2257)  (7487,2327)  (7557,2327)  (7627,2327)  (7487,2397)  (7557,2397)  (7627,2397)  (7697,2257)  (7697,2327)  (7697,2397)  (7417,2257)  (7417,2327)  (7417,2397) | overflowToLeft=true
Ezochi  (9746,150)    (9755,255)  (9825,255)  (9685,255)  (9685,325)  (9755,325)  (9825,325)  (9685,395)  (9755,395)  (9825,395)  (9895,255)  (9895,325)  (9895,395)  (9615,255)  (9615,325)  (9615,395) | overflowToLeft=true
Ezochi-Iburi pass  (10010,220)  (10073,263)  (10143,263)  (10073,193)  (10143,193)  (10073,333)  (10143,333) 
Gangwon  (697,135)    (556,242)  (556,312)  (486,242)  (486,312)  (626,242)  (626,312)  (696,242)  (696,312)  (766,242)  (766,312) 
Gangwon-Gyeongsang pass  (1100,187)  (1078,303)  (1078,373)  (1008,303)  (1008,373)  (1148,303)  (1148,373) 
Goto  (493,2075)    (421,2291)  (421,2361)  (351,2291)  (351,2361)  (491,2291)  (491,2361) 
Gyeongsang  (786,482)     (720,590)  (790,590)  (650,590)  (650,660)  (720,660)  (790,660)  (650,730)  (720,730)  (790,730)  (860,590)  (860,660)  (860,730)  (650,800)  (720,800)  (790,800)  (860,800) 
Hakata Bay  (1500,2080)  (1430,2010)  (1430,2080)  (1430,2150)  (1500,2010)  (1500,2150)  (1570,2010)  (1570,2080)  (1570,2150)  (1640,2010)  (1640,2080)  (1640,2150)  (1710,2010)  (1710,2080)  (1710,2150) 
Hida  (7313,2598)     (7277,2701)  (7347,2701)  (7207,2701)  (7207,2771)  (7277,2771)  (7347,2771)  (7207,2841)  (7277,2841)  (7347,2841)  (7417,2701)  (7417,2771)  (7417,2841)  (7207,2911)  (7277,2911)  (7347,2911)  (7417,2911) 
Hida-North Shinano pass  (7754,2823)  (7589,2859)  (7659,2859)  (7589,2789)  (7659,2789)  (7589,2929)  (7659,2929) 
Higo  (1672,3506)    (1640,3618)  (1710,3618)  (1570,3618)  (1570,3688)  (1640,3688)  (1710,3688)  (1570,3758)  (1640,3758)  (1710,3758)  (1780,3618)  (1780,3688)  (1780,3758)  (1500,3618)  (1500,3688)  (1500,3758) | overflowToLeft=true
Higo-Bungo pass  (2111,3440)  (2172,3468)  (2242,3468)  (2172,3398)  (2242,3398)  (2172,3538)  (2242,3538) 
Higo-Hyuga pass  (1853,3742)  (1825,3860)  (1825,3930)  (1755,3860)  (1755,3930)  (1895,3860) n sea (1895,3930) 
Hitachi  (9296,3226)    (9296,3332)  (9366,3332)  (9226,3332)  (9226,3402)  (9296,3402)  (9366,3402)  (9226,3472)  (9296,3472)  (9366,3472)  (9436,3332)  (9436,3402)  (9436,3472)  (9156,3332)  (9156,3402)  (9156,3472)  (9156,3542)  (9226,3542)  (9296,3542)  (9366,3542)  (9436,3542) 
Hizen  (1236,2581)    (1205,2687)  (1275,2687)  (1135,2687)  (1135,2757)  (1205,2757)  (1275,2757)  (1135,2827)  (1205,2827)  (1275,2827)  (1345,2687)  (1345,2757)  (1345,2827)  (1065,2687)  (1065,2757)  (1065,2827)  (1065,2897)  (1135,2897)  (1205,2897)  (1275,2897)  (1345,2897) 
Hoki  (4261,1727)      (4220,1833)  (4290,1833)  (4150,1833)  (4150,1903)  (4220,1903)  (4290,1903)  (4150,1973)  (4220,1973)  (4290,1973)  (4360,1833)  (4360,1903)  (4360,1973)  (4150,2043)  (4220,2043)  (4290,2043)  (4360,2043) 
Hoki-Mimasake pass  (4313,2140)  (4291,2264)  (4291,2334)  (4221,2264)  (4221,2334)  (4361,2264)  (4361,2334) 
Hyuga  (1921,4122)    (1891,4225)  (1961,4225)  (1821,4225)  (1821,4295)  (1891,4295)  (1961,4295)  (1821,4365)  (1891,4365)  (1961,4365)  (1821,4435)  (1891,4435)  (1961,4435)  (1821,4505)  (1891,4505)  (1961,4505) 
Hyuga Coast  (2340,4620)  (2270,4550)  (2340,4550)  (2410,4550)  (2480,4550)  (2270,4620)  (2410,4620)  (2480,4620)  (2270,4690)  (2340,4690)  (2410,4690)  (2480,4690)  (2270,4760)  (2340,4760)  (2410,4760)  (2480,4760) 
Ibraki Coast  (9681,3218)  (9611,3148)  (9681,3148)  (9751,3148)  (9821,3148)  (9611,3218)  (9751,3218)  (9821,3218)  (9611,3288)  (9681,3288)  (9751,3288)  (9821,3288)  (9611,3358)  (9681,3358)  (9751,3358)  (9821,3358) 
Iburi  (10486,150)    (10716,135)  (10786,135)  (10646,135)  (10646,205)  (10716,205)  (10786,205)  (10646,275)  (10716,275)  (10786,275)  (10856,135)  (10856,205)  (10856,275)  (10576,135)  (10576,205)  (10576,275) | overflowToLeft=true
Iga  (6118,3645)     (6093,3752)  (6163,3752)  (6023,3752)  (6023,3822)  (6093,3822)  (6163,3822)  (6023,3892)  (6093,3892)  (6163,3892)  (6233,3752)  (6023,3962)  (6093,3962)  (6163,3962)  (6023,4032)  (6093,4032)  (6163,4032) 
Iga-North Ise pass  (6181,3917)  (6242,3951)  (6312,3951)  (6242,3881)  (6312,3881)  (6242,4021)  (6312,4021) 
Iki  (1325,1726)    (1297,1831)  (1367,1831)  (1227,1831)  (1227,1901)  (1297,1901)  (1367,1901)  (1227,1971)  (1297,1971)  (1367,1971) 
Iki Sea  (850,1640)  (780,1570)  (850,1570)  (920,1570)  (990,1570)  (780,1640)  (920,1640)  (990,1640)  (780,1710)  (850,1710)  (920,1710)  (990,1710)  (780,1780)  (850,1780)  (920,1780)  (990,1780) 
Inaba  (4662,1727)    (4657,1832)  (4727,1832)  (4587,1832)  (4587,1902)  (4657,1902)  (4727,1902)  (4587,1972)  (4657,1972)  (4727,1972)  (4797,1832)  (4797,1902)  (4797,1972)  (4517,1832)  (4517,1902)  (4517,1972) | overflowToLeft=true
Inaba Coast  (4657,1389)  (4587,1319)  (4587,1389)  (4587,1459)  (4657,1319)  (4657,1459)  (4727,1319)  (4727,1389)  (4727,1459)  (4797,1319)  (4797,1389)  (4797,1459)  (4867,1319)  (4867,1389)  (4867,1459) 
Inaba-Mimasake pass  (4565,2270)  (4626,2308)  (4696,2308)  (4626,2238)  (4696,2238)  (4626,2378)  (4696,2378) 
Ise Bay  (6487,5077)  (6417,5007)  (6417,5077)  (6417,5147)  (6487,5007)  (6487,5147)  (6557,5007)  (6557,5077)  (6557,5147)  (6627,5007)  (6627,5077)  (6627,5147)  (6697,5007)  (6697,5077)  (6697,5147) 
Ishiwaka Bay  (6468,1576)  (6398,1506)  (6468,1506)  (6538,1506)  (6608,1506)  (6398,1576)  (6538,1576)  (6608,1576)  (6398,1646)  (6468,1646)  (6538,1646)  (6608,1646)  (6398,1716)  (6468,1716)  (6538,1716)  (6608,1716) 
Iwami  (3403,1720)    (3388,1825)  (3458,1825)  (3318,1825)  (3318,1895)  (3388,1895)  (3458,1895)  (3318,1965)  (3458,1965)  (3528,1825)  (3528,1895)  (3528,1965)  (3248,1825)  (3248,1895)  (3248,1965) | overflowToLeft=true
Iwami-Aki pass  (3389,1990)  (3364,2109)  (3364,2179)  (3294,2109)  (3294,2179)  (3434,2109)  (3434,2179) 
Iwate Coast  (10409,1448)  (10339,1378)  (10409,1378)  (10479,1378)  (10549,1378)  (10339,1448)  (10479,1448)  (10549,1448)  (10339,1518)  (10409,1518)  (10479,1518)  (10549,1518)  (10339,1588)  (10409,1588)  (10479,1588)  (10549,1588) 
Iyo  (3197,3560)    (3197,3663)  (3267,3663)  (3127,3663)  (3127,3733)  (3197,3733)  (3267,3733)  (3127,3803)  (3197,3803)  (3267,3803)  (3337,3663)  (3337,3733)  (3337,3803)  (3057,3663)  (3057,3733)  (3057,3803) | overflowToLeft=true
Iyo-East Tosa pass  (3312,3844)   (3293,3959)  (3293,4029)  (3223,3959)  (3223,4029)  (3363,3959)  (3363,4029)  
Iyo-West Tosa pass   (2923,3850)  (2906,3967)  (2906,4037)  (2836,3967)  (2836,4037)  (2976,3967)  (2976,4037)  
Izu  (7875,4812)     (7795,4916)  (7865,4916)  (7725,4916)  (7725,4986)  (7795,4986)  (7865,4986)  (7725,5056)  (7795,5056)  (7865,5056)  (7935,4916)  (7935,4986)  (7935,5056)  (7725,5126)  (7795,5126)  (7725,5196) 
Izumi  (4982,4436)     (4913,4542)  (4983,4542)  (4843,4542)  (4843,4612)  (4913,4612)  (4983,4612)  (4843,4682)  (4913,4682)  (4983,4682)  (5053,4542)  (5053,4612)  (5053,4682)  (4843,4752)  (4913,4752)  (4983,4752)  (5053,4752) 
Izumo  (3860,1655)    (3858,1759)  (3928,1759)  (3788,1759)  (3788,1829)  (3858,1829)  (3928,1829)  (3788,1899)  (3858,1899)  (3928,1899)  (3998,1759)  (3998,1829)  (3998,1899)  (3718,1759)  (3718,1829)  (3718,1899)  (3718,1969)  (3788,1969)  (3858,1969)  (3928,1969)  (3998,1969) 
Izumo Bay  (3824,1268)  (3824,1338)  (3754,1268)  (3754,1338)  (3894,1268)  (3894,1338)  (3964,1268)  (3964,1338)  (4034,1268)  (4034,1338) 
Izushoto  (7951,5381)    (7918,5486)  (7988,5486)  (7848,5486)  (7848,5556)  (7918,5556)  (7988,5556)  (7848,5626)  (7918,5626)  (7988,5626) 
Jeju-Do  (402,1369)    (306,1476)  (306,1546)  (236,1476)  (236,1546)  (376,1476)  (376,1546)  (446,1476)  (446,1546)  (516,1476)  (516,1546) 
Jeolla  (304,517)    (298,622)  (368,622)  (228,622)  (228,692)  (298,692)  (368,692)  (228,762)  (298,762)  (368,762)  (438,622)  (438,692)  (438,762)  (228,832)  (298,832)  (368,832)  (438,832) 
Jeolla-Gangwon pass  (269,265)  (332,303)  (402,303)  (332,233)  (402,233)  (332,373)  (402,373) 
Kaga  (6804,1966)    (6797,2075)  (6867,2075)  (6727,2075)  (6727,2145)  (6797,2145)  (6867,2145)  (6727,2215)  (6797,2215)  (6867,2215)  (6937,2075)  (6937,2145)  (6937,2215)  (6657,2075)  (6657,2145)  (6657,2215) | overflowToLeft=true
Kagoshima Bay  (870,4970)  (800,4900)  (870,4900)  (940,4900)  (1010,4900)  (800,4970)  (940,4970)  (1010,4970)  (800,5040)  (870,5040)  (940,5040)  (1010,5040)  (800,5110)  (870,5110)  (940,5110)  (1010,5110) 
Kai  (8125,3218)    (8115,3322)  (8185,3322)  (8045,3322)  (8045,3392)  (8115,3392)  (8185,3392)  (8045,3462)  (8115,3462)  (8185,3462)  (8255,3322)  (8255,3392)  (8255,3462)  (7975,3322)  (7975,3392)  (8115,3532)  (8185,3532)  (8255,3532) 
Kai-Musashi pass  (8360,3450)  (8422,3487)  (8492,3487)  (8422,3417)  (8492,3417)  (8422,3557)  (8492,3557) 
Kai-Suruga pass  (7949,3460)  (7931,3577)  (7931,3647)  (7861,3577)  (7861,3647)  (8001,3577)  (8001,3647) 
Kawachi  (5389,3918)    (5363,4021)  (5433,4021)  (5293,4021)  (5293,4091)  (5363,4091)  (5433,4091)  (5293,4161)  (5363,4161)  (5433,4161)  (5293,4231)  (5363,4231)  (5433,4231)  (5293,4301)  (5363,4301)  (5433,4301)  (5223, 4161)  | overflowToLeft=true
Kawachi-East Kii pass  (5404,4322)  (5384,4438)  (5384,4508)  (5314,4438)  (5314,4508)  (5454,4438)  (5454,4508) 
Kazusa  (9266,4410)    (9264,4515)  (9334,4515)  (9194,4515)  (9194,4585)  (9264,4585)  (9334,4585)  (9194,4655)  (9264,4655)  (9334,4655)  (9404,4515)  (9404,4585)  (9404,4655)  (9124,4515)  (9124,4585)  (9124,4655) | overflowToLeft=true
Kii Coast  (5150,5647)  (5080,5577)  (5080,5647)  (5080,5717)  (5150,5577)  (5150,5717)  (5220,5577)  (5220,5647)  (5220,5717)  (5290,5577)  (5290,5647)  (5290,5717)  (5360,5577)  
Kii Strait  (4251,4429)  (4181,4359)  (4181,4429)  (4181,4499)  (4251,4359)  (4251,4499)  (4321,4359)  (4321,4429)  (4321,4499)  (4391,4359)  (4391,4429)  (4391,4499)  (4461,4359)  (4461,4429)  (4461,4499) 
Kita Bay  (2027,1905)  (1957,1835)  (1957,1905)  (1957,1975)  (2027,1835)  (2027,1975)  (2097,1835)  (2097,1905)  (2097,1975)  (2167,1835)  (2167,1905)  (2167,1975)  (2237,1835)  (2237,1905)  (2237,1975) 
Korea Strait  (231,1890)  (161,1820)  (231,1820)  (301,1820)  (371,1820)  (161,1890)  (301,1890)  (371,1890)  (161,1960)  (231,1960)  (301,1960)  (371,1960)  (161,2030)  (231,2030)  (301,2030)  (371,2030) 
Kozuke  (8550,2509)    (8546,2619)  (8616,2619)  (8476,2619)  (8476,2689)  (8546,2689)  (8616,2689)  (8476,2759)  (8546,2759)  (8616,2759)  (8476,2829)  (8546,2829)  (8616,2829)  (8476,2899)  (8546,2899)  (8616,2899) 
Kozuke-Musashi pass  (8530,3160)  (8590,3199)  (8660,3199)  (8590,3129)  (8660,3129)  (8590,3269)  (8660,3269) 
Kozuke-Shimotsuke pass  (8705,2854)   (8764,2890)  (8834,2890)  (8764,2820)  (8834,2820)  (8764,2960)  (8834,2960) 
Kozuke-South Mutsu pass  (8766,2403)  (8831,2440)  (8901,2440)  (8831,2370)  (8901,2370)  (8831,2510)  (8901,2510) 
Kyoto  (6026,3126)      (5974,3233)  (6044,3233)  (5904,3233)  (5904,3303)  (5974,3303)  (6044,3303)  (5904,3373)  (5974,3373)  (6044,3373)  (6114,3233)  (6114,3303)  (6114,3373)  (5904,3443)  (5974,3443)  (6044,3443)  (6114,3443) 
Mie Coast  (6520,5509)  (6450,5439)  (6520,5439)  (6590,5439)  (6660,5439)  (6450,5509)  (6590,5509)  (6660,5509)  (6450,5579)  (6520,5579)  (6590,5579)  (6660,5579)  (6450,5649)  (6520,5649)  (6590,5649)  (6660,5649) 
Mimasake  (4490,2462)    (4477,2570)  (4547,2570)  (4407,2570)  (4407,2640)  (4477,2640)  (4547,2640)  (4407,2710)  (4477,2710)  (4547,2710)  (4617,2570)  (4617,2640)  (4617,2710)  (4337,2570)  (4337,2640)  (4337,2710) | overflowToLeft=true
Musashi  (8711,3671)    (8705,3778)  (8775,3778)  (8635,3778)  (8635,3848)  (8705,3848)  (8775,3848)  (8635,3918)  (8705,3918)  (8775,3918)  (8635,3988)  (8705,3988)  (8775,3988)  (8635,4058)  (8705,4058)  (8775,4058) 
Nagato  (2553,1820)    (2556,1926)  (2626,1926)  (2486,1926)  (2486,1996)  (2556,1996)  (2626,1996)  (2696,1926)  (2696,1996)  (2416,1926)  (2416,1996) | overflowToLeft=true
Niigata Bay  (8223,1739)  (8153,1669)  (8223,1669)  (8293,1669)  (8363,1669)  (8153,1739)  (8293,1739)  (8363,1739)  (8153,1809)  (8223,1809)  (8293,1809)  (8363,1809)  (8153,1879)  (8223,1879)  (8293,1879)  (8363,1879) 
North Dewa  (9598,1178)    (9589,1284)  (9659,1284)  (9519,1284)  (9519,1354)  (9589,1354)  (9659,1354)  (9519,1424)  (9589,1424)  (9659,1424)  (9729,1284)  (9729,1354)  (9729,1424)  (9449,1284)  (9449,1354)  (9449,1424) | overflowToLeft=true
North Dewa-North Mutsu pass  (9777,998)  (9838,1039)  (9908,1039)  (9838,969)  (9908,969)  (9838,1109)  (9908,1109) 
North Harima  (4937,2590)     (4884,2696)  (4954,2696)  (4814,2696)  (4814,2766)  (4884,2766)  (4954,2766)  (4814,2836)  (4884,2836)  (4954,2836)  (5024,2696)  (5024,2766)  (5024,2836)  (4814,2906)  (4884,2906)  (4954,2906)  (5024,2906)  (4814,2976)  (4884,2976)  (4954,2976)  (5024,2976) 
North Ise  (6518,3780)  (6506,3889)  (6576,3889)  (6436,3889)  (6436,3959)  (6506,3959)  (6576,3959)  (6436,4029)  (6506,4029)  (6576,4029)  (6436,4099)  (6506,4099)  (6576,4099)   (6366,4169)  (6436,4169)  (6506,4169)  (6368,4171) | overflowToLeft=true
North Mikawa  (7270,3968)     (7130,4075)  (7200,4075)  (7060,4075)  (7060,4145)  (7130,4145)  (7200,4145)  (7060,4215)  (7130,4215)  (7200,4215)  (7270,4075)  (7270,4145)  (7270,4215)  (7060,4285)  (7130,4285)  (7200,4285)  (7270,4285) 
North Mino  (6941,3079)    (6937,3192)  (7007,3192)  (6867,3192)  (6867,3262)  (6937,3262)  (7007,3262)  (6867,3332)  (6937,3332)  (7007,3332)  (7077,3192)  (7077,3262)  (7077,3332)  (6797,3192)  (6797,3262)  (6797,3332) | overflowToLeft=true
North Mino-Hida pass  (7088,3013)  (7148,3050)  (7218,3050)  (7148,2980)  (7218,2980)  (7148,3120)  (7218,3120) 
North Mutsu  (10051,1193)    (10043,1298)  (10113,1298)  (9973,1298)  (9973,1368)  (10043,1368)  (10113,1368)  (9973,1438)  (10043,1438)  (10113,1438)  (9973,1508)  (10043,1508)  (10113,1508)  (9973,1578)  (10043,1578)  (10113,1578)  (9973,1648)  (10043,1648)  (10113,1648) 
North Mutsu-Central Mutsu pass  (10010,1691)  (9990,1811)  (9990,1881)  (9920,1811)  (9920,1881)  (10060,1811)  (10060,1881) 
North Omi  (6351,2774)    (6284,2880)  (6354,2880)  (6214,2880)  (6214,2950)  (6284,2950)  (6354,2950)  (6214,3020)  (6284,3020)  (6354,3020)  (6424,2880)  (6424,2950)  (6424,3020)  (6144,2880)  (6144,2950)  (6144,3020) | overflowToLeft=true
North Omi-North Mino pass  (6550,3026)  (6613,3060)  (6683,3060)  (6613,2990)  (6683,2990)  (6613,3130)  (6683,3130) 
North Shinano  (8057,2669)    (8052,2775)  (8122,2775)  (7982,2775)  (7982,2845)  (8052,2845)  (8122,2845)  (7982,2915)  (8052,2915)  (8122,2915)  (8192,2775)  (8192,2845)  (8192,2915)  (7912,2775)  (7912,2845)  (7912,2915) | overflowToLeft=true
Noto  (7267,1435)    (7265,1538)  (7335,1538)  (7195,1538)  (7195,1608)  (7265,1608)  (7335,1608)  (7195,1678)  (7265,1678)  (7335,1678)  (7405,1538)  (7405,1608)  (7405,1678)  (7125,1538)  (7125,1608)  (7125,1678) | overflowToLeft=true
Oki  (4864,607)    (4863,713)  (4933,713)  (4793,713)  (4793,783)  (4863,783)  (4933,783)  (5003,713)  (5003,783)  (4723,713)  (4723,783) | overflowToLeft=true
Oki Bay  (4285,690)    (4220,868)  (4150,798)  (4220,798)  (4290,798)  (4360,798)  (4150,868)  (4290,868)  (4360,868)  (4150,938)  (4220,938)  (4290,938)  (4360,938)  (4150,1008)  (4220,1008)  (4290,1008)  (4360,1008) 
Okushiri Bay  (8860,550)  (8790,480)  (8860,480)  (8930,480)  (9000,480)  (8790,550)  (8930,550)  (9000,550)  (8790,620)  (8860,620)  (8930,620)  (9000,620)  (8790,690)  (8860,690)  (8930,690)  (9000,690) 
Osaka  (5107,3787)    (5075,3893)  (5145,3893)  (5005,3893)  (5005,3963)  (5075,3963)  (5145,3963)  (5005,4033)  (5075,4033)  (5145,4033) 
Osaka Bay  (4810,4050)  (4740,3980)  (4810,3980)  (4880,3980)  (4740,4050)  (4880,4050)  (4740,4120)  (4810,4120)  (4880,4120)  (4740,4190)  (4810,4190)  (4880,4190)  (4740,4260)  (4810,4260)  (4880,4260) 
Oshima  (9335,466)    (9332,571)  (9402,571)  (9262,571)  (9262,641)  (9332,641)  (9402,641)  (9262,711)  (9332,711)  (9402,711)  (9472,571)  (9472,641)  (9472,711)  (9192,571)  (9192,641)  (9192,711) | overflowToLeft=true
Oshima-Ezochi pass  (9427,259)  (9318,243)  (9318,313)  (9248,243)  (9248,313)  (9388,243)  (9388,313) 
Osumi  (1611,4321)     (1525,4430)  (1595,4430)  (1455,4430)  (1455,4500)  (1525,4500)  (1595,4500)  (1455,4570)  (1525,4570)  (1595,4570)  (1665,4430)  (1665,4500)  (1665,4570)  (1455,4640)  (1525,4640)  (1455,4710)  (1525,4710) 
Owari  (6838,3992)    (6805,4100)  (6875,4100)  (6735,4100)  (6735,4170)  (6805,4170)  (6875,4170)  (6735,4240)  (6805,4240)  (6875,4240)  (6945,4100)  (6945,4170)  (6945,4240)  (6665,4100)  (6665,4170)  (6665,4240) | overflowToLeft=true
Pacific Ocean 1  (7152,5772)  (7082,5702)  (7082,5772)  (7082,5842)  (7152,5702)  (7152,5842)  (7222,5702)  (7222,5772)  (7222,5842)  (7292,5702)  (7292,5772)  (7292,5842)  (7362,5702)  (7362,5772)  (7362,5842) 
Pacific Ocean 2  (8717,5868)  (8647,5798)  (8647,5868)  (8647,5938)  (8717,5798)  (8717,5938)  (8787,5798)  (8787,5868)  (8787,5938)  (8857,5798)  (8857,5868)  (8857,5938)  (8927,5798)  (8927,5868)  (8927,5938) 
Pacific Ocean 3  (10193,4878)  (10123,4808)  (10193,4808)  (10263,4808)  (10333,4808)  (10123,4878)  (10263,4878)  (10333,4878)  (10123,4948)  (10193,4948)  (10263,4948)  (10333,4948)  (10123,5018)  (10193,5018)  (10263,5018)  (10333,5018) 
Pacific Ocean 4  (10323,3311)  (10253,3241)  (10323,3241)  (10393,3241)  (10463,3241)  (10253,3311)  (10393,3311)  (10463,3311)  (10253,3381)  (10323,3381)  (10393,3381)  (10463,3381)  (10253,3451)  (10323,3451)  (10393,3451)  (10463,3451) 
Pacific Ocean 5  (10839,1924)  (10769,1854)  (10839,1854)  (10909,1854)  (10979,1854)  (10769,1924)  (10909,1924)  (10979,1924)  (10769,1994)  (10839,1994)  (10909,1994)  (10979,1994)  (10769,2064)  (10839,2064)  (10909,2064)  (10979,2064) 
Philippine Sea 1  (1543,5818)  (1473,5748)  (1473,5818)  (1473,5888)  (1543,5748)  (1543,5888)  (1613,5748)  (1613,5818)  (1613,5888)  (1683,5748)  (1683,5818)  (1683,5888)  (1753,5748)  (1753,5818)  (1753,5888) 
Philippine Sea 2  (2048,5445)  (1978,5375)  (1978,5445)  (1978,5515)  (2048,5375)  (2048,5515)  (2118,5375)  (2118,5445)  (2118,5515)  (2188,5375)  (2188,5445)  (2188,5515)  (2258,5375)  (2258,5445)  (2258,5515) 
Philippine Sea 3  (2970,5233)  (2900,5163)  (2900,5233)  (2900,5303)  (2970,5163)  (2970,5303)  (3040,5163)  (3040,5233)  (3040,5303)  (3110,5163)  (3110,5233)  (3110,5303)  (3180,5163)  (3180,5233)  (3180,5303) 
Philippine Sea 4  (3790,5726)  (3720,5656)  (3720,5726)  (3720,5796)  (3790,5656)  (3790,5796)  (3860,5656)  (3860,5726)  (3860,5796)  (3930,5656)  (3930,5726)  (3930,5796)  (4000,5656)  (4000,5726)  (4000,5796) 
Sado  (8318,1044)    (8315,1150)  (8385,1150)  (8245,1150)  (8245,1220)  (8315,1220)  (8385,1220)  (8245,1290)  (8315,1290)  (8385,1290)  (8245,1360)  (8315,1360)  (8385,1360) 
Sado Bay  (7711,1170)  (7641,1100)  (7711,1100)  (7781,1100)  (7851,1100)  (7641,1170)  (7781,1170)  (7851,1170)  (7641,1240)  (7711,1240)  (7781,1240)  (7851,1240)  (7641,1310)  (7711,1310)  (7781,1310)  (7851,1310) 
Sagami  (8236,4260)  (8220,4370)  (8290,4370)  (8150,4370)  (8150,4440)  (8220,4440)  (8290,4440)   (8150,4510)  (8220,4510)  (8290,4510)   (8150,4580)  (8220,4580)  (8290,4580)   (8150,4650)  (8220,4650)  (8290,4650)   (8150,4720)  (8220,4720)  (8290,4720)   (8360,4510)  (8360,4580)   (8360,4650)   (8360,4720)   (8152,4722) | overflowToLeft=true
Sagami Bay  (8212,5150)  (8142,5080)  (8212,5080)  (8282,5080)  (8352,5080)  (8142,5150)  (8282,5150)  (8352,5150)  (8142,5220)  (8212,5220)  (8282,5220)  (8352,5220)  (8142,5290)  (8212,5290)  (8282,5290)  (8352,5290) 
Saigo Bay  (5493,1109)  (5423,1039)  (5493,1039)  (5563,1039)  (5633,1039)  (5423,1109)  (5563,1109)  (5633,1109)  (5423,1179)  (5493,1179)  (5563,1179)  (5633,1179)  (5423,1249)  (5493,1249)  (5563,1249)  (5633,1249) 
Sanuchi  (3864,3720)    (3886,3824)  (3956,3824)  (3816,3824)  (3816,3894)  (3886,3894)  (3956,3894)  (3816,3964)  (3886,3964)  (3956,3964)  (4026,3824)  (4026,3894)  (4026,3964)  (3746,3824)  (3746,3894)  (3746,3964) | overflowToLeft=true
Sanuchi-Awa pass  (4093,4053)  (3968,4058)  (3968,4128)  (3898,4058)  (3898,4128)  (4038,4058)  (4038,4128) 
Satsuma  (1272,3867)  (1236,3977)  (1306,3977)  (1166,3977)  (1166,4047)  (1236,4047)  (1306,4047)  (1166,4117)  (1236,4117)  (1306,4117)  (1376,3977)  (1376,4047)  (1376,4117)  (1096,3977)  (1096,4047)  (1096,4117) | overflowToLeft=true
Sea of Japan 1  (2914,415)  (2844,345)  (2844,415)  (2844,485)  (2914,345)  (2914,485)  (2984,345)  (2984,415)  (2984,485)  (3054,345)  (3054,415)  (3054,485)  (3124,345)  (3124,415)  (3124,485) 
Sea of Japan 2  (2925,1003)  (2855,933)  (2855,1003)  (2855,1073)  (2925,933)  (2925,1073)  (2995,933)  (2995,1003)  (2995,1073)  (3065,933)  (3065,1003)  (3065,1073)  (3135,933)  (3135,1003)  (3135,1073) 
Sea of Japan 3  (5725,471)  (5655,401)  (5655,471)  (5655,541)  (5725,401)  (5725,541)  (5795,401)  (5795,471)  (5795,541)  (5865,401)  (5865,471)  (5865,541) 
Sea of Japan 4  (6514,972)  (6444,902)  (6444,972)  (6444,1042)  (6514,902)  (6514,1042)  (6584,902)  (6584,972)  (6584,1042)  (6654,902)  (6654,972)  (6654,1042) 
Sea of Japan 5  (7558,526)  (7488,456)  (7488,526)  (7488,596)  (7558,456)  (7558,596)  (7628,456)  (7628,526)  (7628,596)  (7698,456)  (7698,526)  (7698,596) 
Sendai Bay  (10226,2485)  (10156,2415)  (10226,2415)  (10296,2415)  (10156,2485)  (10296,2485)  (10156,2555)  (10226,2555)  (10296,2555)  (10156,2625)  (10226,2625)  (10296,2625)  (10156,2695)  (10226,2695)  (10296,2695) 
Seto Inland Sea  (3703,3455)  (3703,3525)  (3633,3455)  (3633,3525)  (3773,3455)  (3773,3525)  (3843,3455)  (3843,3525)  (3913,3455)  (3913,3525) 
Settsu  (5269,3377)    (5267,3484)  (5337,3484)  (5197,3484)  (5197,3554)  (5267,3554)  (5337,3554)  (5197,3624)  (5267,3624)  (5337,3624)  (5407,3484)  (5407,3554)  (5407,3624)  (5127,3484)  (5127,3554)  (5127,3624) | overflowToLeft=true
Shima  (5976,5050)    (5982,5159)  (6052,5159)  (5912,5159)  (5912,5229)  (5982,5229)  (6052,5229)  (5912,5299)  (5982,5299)  (6052,5299)  (6122,5159)  (6122,5229)  (6122,5299)  (5842,5159)  (5842,5229)  (5842,5299) | overflowToLeft=true
Shimane Coast  (2878,1518)  (2808,1448)  (2808,1518)  (2808,1588)  (2878,1448)  (2878,1588)  (2948,1448)  (2948,1518)  (2948,1588)  (3018,1448)  (3018,1518)  (3018,1588)  (3088,1448)  (3088,1518)  (3088,1588) 
Shimo Sea  (717,3985)  (647,3915)  (717,3915)  (787,3915)  (857,3915)  (647,3985)  (787,3985)  (857,3985)  (647,4055)  (717,4055)  (787,4055)  (857,4055)  (647,4125)  (717,4125)  (787,4125)  (857,4125) 
Shimosa  (9085,3743)     (9078,3851)  (9148,3851)  (9008,3851)  (9008,3921)  (9078,3921)  (9148,3921)  (9008,3991)  (9078,3991)  (9148,3991)  (9218,3851)  (9218,3921)  (9218,3991)  (9008,4061)  (9078,4061)  (9148,4061)  (9218,4061) 
Shimotsuke  (9075,2661)     (9003,2770)  (9073,2770)  (8933,2770)  (8933,2840)  (9003,2840)  (9073,2840)  (8933,2910)  (9003,2910)  (9073,2910)  (9143,2770)  (9143,2840)  (9143,2910)  (8933,2980)  (9003,2980)  (8933,3050)  (9003,3050)  (8933,3121) 
Shimotsuke-Hitachi pass  (9082,3007)  (9143,3038)  (9213,3038)  (9143,2968)  (9213,2968)  (9143,3108)  (9213,3108) 
Shimotsuke-South Mutsu pass  (9332,2467)  (9216,2474)  (9216,2544)  (9146,2474)  (9146,2544)  (9286,2474)  (9286,2544) 
Shin Sea  (673,2637)  (603,2567)  (673,2567)  (743,2567)  (813,2567)  (603,2637)  (743,2637)  (813,2637)  (603,2707)  (673,2707)  (743,2707)  (813,2707)  (603,2777)  (673,2777)  (743,2777)  (813,2777) 
Shodo Bay  (4239,3778)  (4169,3708)  (4239,3708)  (4309,3708)  (4379,3708)  (4169,3778)  (4309,3778)  (4379,3778)  (4169,3848)  (4239,3848)  (4309,3848)  (4379,3848)  (4169,3918)  (4239,3918)  (4309,3918)  (4379,3918) 
South Dewa  (9315,1542)     (9251,1649)  (9321,1649)  (9181,1649)  (9181,1719)  (9251,1719)  (9321,1719)  (9181,1789)  (9251,1789)  (9321,1789)  (9391,1649)  (9391,1719)  (9391,1789)  (9181,1859)  (9251,1859)  (9321,1859)  (9391,1859) 
South Dewa-Central Mutsu pass  (9552,1786)  (9618,1825)  (9688,1825)  (9618,1755)  (9688,1755)  (9618,1895)  (9688,1895) 
South Harima  (4883,3139)     (4804,3245)  (4874,3245)  (4734,3245)  (4734,3315)  (4804,3315)  (4874,3315)  (4734,3385)  (4804,3385)  (4874,3385)  (4944,3245)  (4944,3315)  (4944,3385)  (4734,3455)  (4804,3455)  (4874,3455)  (4734,3525)  (4804,3525)  (4874,3525) 
South Ise  (5903,4655)    (5883,4759)  (5953,4759)  (5813,4759)  (5813,4829)  (5883,4829)  (5953,4829)  (5813,4899)  (5883,4899)  (5953,4899)  (6023,4759)  (6023,4829)  (6023,4899)  (5743,4759)  (5743,4829)  (5743,4899) | overflowToLeft=true
South Mikawa  (7064,4469)    (7055,4575)  (7125,4575)  (6985,4575)  (6985,4645)  (7055,4645)  (7125,4645)  (6985,4715)  (7055,4715)  (7125,4715)  (7195,4575)  (7195,4645)  (7195,4715)  (6915,4575)  (6915,4645)  (6915,4715) | overflowToLeft=true
South Mino  (6992,3478)    (6993,3583)  (7063,3583)  (6923,3583)  (6923,3653)  (6993,3653)  (7063,3653)  (6923,3723)  (6993,3723)  (7063,3723)  (7133,3583)  (7133,3653)  (7133,3723)  (6853,3583)  (6853,3653)  (6853,3723) | overflowToLeft=true
South Mutsu  (9256,2156)    (9253,2261)  (9323,2261)  (9183,2261)  (9183,2331)  (9253,2331)  (9323,2331)  (9183,2401)  (9253,2401)  (9323,2401)  (9393,2261)  (9393,2331)  (9393,2401)  (9113,2261)  (9113,2331)  (9113,2401) | overflowToLeft=true
South Omi  (6485,3284)    (6480,3390)  (6550,3390)  (6410,3390)  (6410,3460)  (6480,3460)  (6550,3460)  (6410,3530)  (6480,3530)  (6550,3530)  (6620,3390)  (6620,3460)  (6620,3530)  (6340,3390)  (6340,3460)  (6340,3530) | overflowToLeft=true
South Shinano  (7643,3134)     (7540,3239)  (7610,3239)  (7470,3239)  (7470,3309)  (7540,3309)  (7610,3309)  (7470,3379)  (7540,3379)  (7610,3379)  (7680,3239)  (7680,3309)  (7680,3379)  (7470,3449)  (7540,3449)  (7610,3449)  (7680,3449) 
South Shinano-North Mikawa pass  (7420,3536)  (7406,3655)  (7406,3725)  (7336,3655)  (7336,3725)  (7476,3655)  (7476,3725) 
Suo  (2846,2111)     (2838,2216)  (2908,2216)  (2768,2216)  (2768,2286)  (2838,2286)  (2908,2286)  (2768,2356)  (2838,2356)  (2908,2356)  (2978,2216)  (2978,2286)  (2978,2356)  (2908,2426)  (2978,2426)  (2908,2496)  (2978,2496) 
Suo Sea 1  (2390,2375)  (2390,2445)  (2320,2375)  (2320,2445)  (2460,2375)  (2460,2445)  (2530,2375)  (2530,2445)  (2600,2375)  (2600,2445) 
Suo Sea 2  (2891,3162)  (2821,3092)  (2821,3162)  (2821,3232)  (2891,3092)  (2891,3232)  (2961,3092)  (2961,3162)  (2961,3232)  (3031,3092)  (3031,3162)  (3031,3232)  (3101,3092)  (3101,3162)  (3101,3232) 
Suruga  (7930,3828)    (7866,3934)  (7936,3934)  (7796,3934)  (7796,4004)  (7866,4004)  (7936,4004)  (7796,4074)  (7866,4074)  (7936,4074)  (7796,4144)  (7866,4144)  (7936,4144)  (7796,4214)  (7866,4214)  (7936,4214)  (7796,4284)  (7866,4284)  (7936,4284) 
Suruga Bay  (7218,5225)  (7148,5155)  (7148,5225)  (7148,5295)  (7218,5155)  (7218,5295)  (7288,5155)  (7288,5225)  (7288,5295)  (7358,5155)  (7358,5225)  (7358,5295)  (7428,5155)  (7428,5225)  (7428,5295) 
Suruga-Sagami pass  (8256,3961)  (8082,3992)  (8152,3992)  (8082,3922)  (8152,3922)  (8082,4062)  (8152,4062) 
Tajima  (5069,1935)    (5052,2041)  (5122,2041)  (4982,2041)  (4982,2111)  (5052,2111)  (5122,2111)  (4982,2181)  (5052,2181)  (5122,2181)  (4982,2251)  (5052,2251)  (5122,2251)  (4982,2321)  (5052,2321)  (5122,2321)  (4982,2391)  (5052,2391)  (5122,2391) 
Tamba  (5388,2873)    (5385,2978)  (5455,2978)  (5315,2978)  (5315,3048)  (5385,3048)  (5455,3048)  (5315,3118)  (5385,3118)  (5455,3118)  (5525,2978)  (5525,3048)  (5525,3118)  (5245,2978)  (5245,3048)  (5245,3118) | overflowToLeft=true
Tamba-North Omi pass (5889,2975)  (5721,3013)  (5791,3013)  (5721,2943)  (5791,2943)  (5721,3083)  (5791,3083) 
Tamba-Settsu pass  (5479,3175)    (5360,3176)  (5360,3246)  (5290,3176)  (5290,3246)  (5430,3176)  (5430,3246) 
Tanegashima  (1471,5128)    (1458,5249)  (1436,5321)  (1431,5391)  (1409,5461)  (1407,5531) 
Tango  (5469,2250)    (5486,2357)  (5556,2357)  (5416,2357)  (5416,2427)  (5486,2427)  (5556,2427)  (5416,2497)  (5486,2497)  (5556,2497)  (5626,2357)  (5626,2427)  (5626,2497)  (5346,2357)  (5346,2427)  (5346,2497) | overflowToLeft=true
Tango-Tamba pass  (5539,2549)    (5520,2667)  (5520,2737)  (5450,2667)  (5450,2737)  (5590,2667)  (5590,2737)  
Tosa Bay  (3125,4585)  (3125,4655)  (3055,4585)  (3055,4655)  (3195,4585)  (3195,4655)  (3265,4585)  (3265,4655)  (3335,4585)  (3335,4655) 
Totomi  (7544,4092)    (7536,4198)  (7606,4198)  (7466,4198)  (7466,4268)  (7536,4268)  (7606,4268)  (7466,4338)  (7536,4338)  (7606,4338)  (7466,4408)  (7536,4408)  (7606,4408)  (7466,4478)  (7536,4478)  (7606,4478)  (7466,4548)  (7536,4548)  (7606,4548) 
Toyama Bay  (7604,1920)  (7534,1850)  (7534,1920)  (7534,1990)  (7604,1850)  (7604,1990)  (7674,1850)  (7674,1920)  (7674,1990)  (7744,1850)  (7744,1920)  (7744,1990)  (7814,1850)  (7814,1920)  (7814,1990) 
Tsugaru Strait  (9820,709)  (9820,779)  (9750,709)  (9750,779)  (9890,709)  (9890,779)  (9960,709)  (9960,779)  (10030,709)  (10030,779) 
Tsushima  (1618,838)    (1599,1013)  (1529,943)  (1529,1013)  (1529,1083)  (1599,943)  (1599,1083)  (1669,943)  (1669,1083)  (1739,943)  (1669,1013) 
Tsushima Strait  (1788,1412)  (1718,1342)  (1788,1342)  (1858,1342)  (1928,1342)  (1718,1412)  (1858,1412)  (1928,1412)  (1718,1482)  (1788,1482)  (1858,1482)  (1928,1482)  (1718,1552)  (1788,1552)  (1858,1552)  (1928,1552) 
Uchiura Bay  (10660,680)  (10590,610)  (10660,610)  (10730,610)  (10800,610)  (10590,680)  (10730,680)  (10800,680)  (10590,750)  (10660,750)  (10730,750)  (10800,750)  (10590,820)  (10660,820)  (10730,820)  (10800,820) 
Wakasa  (5926,2341)    (5925,2444)  (5995,2444)  (5855,2444)  (5855,2514)  (5925,2514)  (5995,2514)  (5855,2584)  (5925,2584)  (5995,2584)  (6065,2444)  (6065,2514)  (6065,2584)  (5785,2444)  (5785,2514)  (5785,2584) | overflowToLeft=true
Wakasa Bay  (5526,1713)  (5526,1783)  (5456,1713)  (5456,1783)  (5596,1713)  (5596,1783)  (5666,1713)  (5666,1783)  (5736,1713)  (5736,1783) 
Wakasa-North Omi pass  (5972,2625)  (5955,2740)  (5955,2810)  (5885,2740)  (5885,2810)  (6025,2740)  (6025,2810)  
Wakayama Sea  (3803,4990)  (3733,4920)  (3733,4990)  (3733,5060)  (3803,4920)  (3803,5060)  (3873,4920)  (3873,4990)  (3873,5060)  (3943,4920)  (3943,4990)  (3943,5060)  (4013,4920)  (4013,4990)  (4013,5060) 
West Echigo  (8275,2027)    (8267,2130)  (8337,2130)  (8197,2130)  (8197,2200)  (8267,2200)  (8337,2200)  (8197,2270)  (8267,2270)  (8337,2270)  (8407,2130)  (8407,2200)  (8407,2270)  (8127,2130)  (8127,2200) | overflowToLeft=true
West Echigo-North Shinano pass  (8119,2285)  (8101,2406)  (8101,2476)  (8031,2406)  (8031,2476)  (8171,2406)  (8171,2476) 
West Kii  (4587,4972)    (4580,5079)  (4650,5079)  (4510,5079)  (4510,5149)  (4580,5149)  (4650,5149)  (4510,5219)  (4580,5219)  (4650,5219)  (4720,5079)  (4720,5149)  (4720,5219)  (4440,5079)  (4440,5149)  (4440,5219) | overflowToLeft=true
West Kii-East Kii pass  (4774,5384)  (4833,5421)  (4903,5421)  (4833,5351)  (4903,5351)  (4833,5491)  (4903,5491) 
West Kii-Izumi pass  (4560,4643)  (4617,4679)  (4687,4679)  (4617,4609)  (4687,4609)  (4617,4749)  (4687,4749) 
West Tosa  (3026,4171)    (3021,4280)  (3091,4280)  (2951,4280)  (2951,4350)  (3021,4350)  (3091,4350)  (2951,4420)  (3021,4420)  (3091,4420)  (3161,4280)  (3161,4350)  (3161,4420)  (2881,4280)  (2881,4350)  (2881,4420) | overflowToLeft=true
Yakushima  (911,5307)    (881,5460)  (881,5530)  (811,5460)  (811,5530)  (951,5460)  (951,5530)  
Yamashiro  (5707,3275)     (5667,3382)  (5737,3382)  (5597,3382)  (5597,3452)  (5667,3452)  (5737,3452)  (5667,3522)  (5737,3522)  (5807,3382)  (5807,3452)  (5807,3522)  (5667,3592)  (5737,3592)  (5807,3592)  (5667,3662)  (5737,3662)  (5807,3662) 
Yamato  (5725,4039)     (5685,4146)  (5755,4146)  (5615,4146)  (5615,4216)  (5685,4216)  (5755,4216)  (5615,4286)  (5685,4286)  (5755,4286)  (5825,4146)  (5825,4216)  (5825,4286)  (5615,4356)  (5685,4356)  (5755,4356)  (5825,4356)  (5615,4426)  (5685,4426)  (5755,4426)  (5825,4426) 
Yamato-Iga pass  (5811,3944)  (5871,3983)  (5941,3983)  (5871,3913)  (5941,3913)  (5871,4053)  (5941,4053) 
Yamato-South Ise pass  (5993,4245)  (5969,4358)  (5969,4428)  (5899,4358)  (5899,4428)  (6039,4358)  (6039,4428) 
Yangil Bay  (1453,479)  (1383,415)  (1453,415)  (1523,415)  (1593,415)  (1383,485)  (1523,485)  (1593,485)  (1383,555)  (1453,555)  (1523,555)  (1593,555)  (1383,625)  (1453,625)  (1523,625)  (1593,625) 